415 419
1 369.814585924 878.508305419 2532.73938155 0
1 373.830228892 880.230463276 1279.09542988 0
1 6532.08692074 498.819520052 3147.23482472 0
1 166.008959686 3804.2554168 281.322865294 0
1 112.604509181 3120.67950053 3988.6101653 0
1 146.67830112 1112.42165105 3000.54476593 0
1 958.799288909 779.556296616 2896.34468834 0
1 146.391093205 2127.16002887 677.967734958 0
1 1410.02365653 2972.95849813 1600.64935108 0
1 239.339192413 2766.00969866 180.270463628 0
1 4261.94863577 3023.40677265 2952.92158938 0
1 2534.93116273 612.177891954 2632.40085843 0
1 3894.19304976 2341.45170331 2503.35547143 0
1 1975.0752165 327.79262956 1073.3918321 0
1 1053.171915 3719.85279307 3517.90603045 0
1 823.663243179 1531.64790939 1704.87313663 0
1 785.689566548 1357.16613427 2675.82280059 0
1 18613.4880507 1486.60917735 1350.88043897 0
1 6964.08677215 1833.8226436 72.1256167926 0
1 987.248480373 1326.54779641 2847.78185372 0
1 476.544811128 2553.81259177 3453.88993635 0
1 498.858137085 484.341703117 1026.58367085 0
1 647.52782195 315.154574266 185.834481625 0
1 9111.03650966 1256.32637264 1933.03571006 0
1 1733.5415972 1481.2787063 2024.56998317 0
1 11719.4104728 3034.09629948 307.505411164 0
1 372.54646225 2040.95661072 3505.42111104 0
1 992.63374675 223.362597997 132.176137948 0
1 493.696897425 2224.4594658 3039.40539537 0
1 16160.4432561 1328.19651233 41.2044361219 0
1 818.539586975 2303.57574932 1029.16815014 0
1 6175.10867736 3043.15189585 1542.29055639 0
1 509.343051432 1375.0163517 768.535260991 0
1 545.313992022 4072.43262605 1183.00012924 0
1 1588.5259042 83.0870029402 2219.73848743 0
1 1078.49492576 3509.17579805 1265.60951266 0
1 390.614742487 2593.33273731 1645.33936914 0
1 2628.37683309 484.376135277 1754.65338233 0
1 6133.99641921 2868.74263434 3285.55915048 0
1 3349.35061886 2111.12996223 3403.67684781 0
1 6895.06874822 1117.7561084 1650.1606707 0
1 7632.73688827 2352.11407491 44.7253446054 0
1 343.147972524 237.791481928 837.644039048 0
1 2620.08427145 3894.32695803 2005.54674152 0
1 1013.29407268 1268.84826479 1125.30271242 0
1 10234.9310452 3824.15382183 2111.84368979 0
1 1320.17787582 3770.12801917 1211.06113226 0
1 1852.55632379 3498.50332027 3130.05125861 0
1 338.702371277 3770.15194893 1717.05698538 0
1 12199.1524978 1081.81410265 1878.67751346 0
1 442.093660367 3124.19140987 3671.57765094 0
1 9065.23240895 3365.30146132 2214.62279284 0
1 578.478719852 487.89901704 147.663444925 0
1 6668.84366901 3611.88837824 3940.48051713 0
1 547.631032002 2946.1396571 3731.70247154 0
1 1664.90236476 1042.23632707 2468.63804627 0
1 3989.5820735 1360.68408341 1725.51719376 0
1 361.926720188 603.24698835 4034.25017357 0
1 953.597582247 3473.20635877 1675.02810639 0
1 1443.23407667 3635.1833974 1874.56866483 0
1 707.00784422 1179.00222845 3027.91329564 0
1 384.75307347 529.461188058 3849.08538941 0
1 11886.5377941 540.172102528 2416.89679529 0
1 306.409291122 581.530958703 1819.21645031 0
1 2997.10397851 2082.3288697 2430.15870533 0
1 1033.30921469 2039.00995961 12.1441167845 0
1 11365.7731262 3147.47043295 886.935389259 0
1 19390.1747566 3025.23579629 3197.97476789 0
1 281.496991719 901.906493768 3028.83754383 0
1 373.979790894 694.935533056 3042.3205159 0
1 314.002755364 176.66908363 2075.99380475 0
1 349.115132697 2114.59994902 678.219957424 0
1 4656.97679856 2785.80286116 926.910346937 0
1 515.615720805 1785.32727836 1203.98184403 0
1 3851.74573015 945.074534533 3017.69774635 0
1 16696.6229754 3608.26666712 2696.7338325 0
1 651.815639809 2535.77546429 2930.92540781 0
1 10502.4281408 131.631147291 1738.82624749 0
1 6328.9002313 3608.24245057 2184.67373092 0
1 4682.37978582 2544.71247564 1658.22479063 0
1 213.526673846 1600.09311103 2730.07142025 0
1 2414.9690757 3944.61789221 30.8499089336 0
1 8969.64843546 1819.5860851 2291.91081301 0
1 347.248881606 797.3601285 8.23244053522 0
1 1436.26570081 2931.7231517 2907.48686793 0
1 223.18516448 3917.80805383 3874.23445807 0
1 11787.5805557 2757.11960595 2825.56063593 0
1 274.349203675 2206.52023778 3825.54475725 0
1 6934.89894505 3577.63764948 2262.37600783 0
1 240.433071278 432.189989587 2084.75126748 0
1 23680.3711139 2596.82720007 198.413201334 0
1 9463.53963733 1126.81963078 2672.04930644 0
1 453.430389174 3532.66035372 2826.96399591 0
1 3828.55130362 3097.18849706 2671.40916358 0
1 249.725361726 2447.58029877 1311.5392073 0
1 362.694818731 1000.85569677 2605.903373 0
1 178.881175415 3052.22876885 3607.46386087 0
1 6429.94819808 648.02548123 26.9505453914 0
1 16432.2601 1038.66289269 3387.18282784 0
1 372.531560689 2591.58016979 3777.93945343 0
1 201.124025673 2908.11944313 348.608501392 0
1 366.765163185 2614.92466808 1997.28121043 0
1 4935.46296935 2292.76246755 1057.78014041 0
1 278.205976196 1092.56635918 940.176327086 0
1 1364.79806768 2593.43651036 3839.62559303 0
1 1460.83250473 3464.22722098 915.485695445 0
1 512.203373948 416.122631373 4021.92813224 0
1 11189.3953043 3809.69698817 1956.85479501 0
1 349.716127432 2299.96933959 2011.43252842 0
1 372.54646225 1132.11201809 432.092146766 0
1 201.212539715 2400.80868946 1984.52792829 0
1 215.018003303 396.172467342 1857.94562239 0
1 282.794860691 272.064043306 1835.92290126 0
1 150.193094201 1772.7132406 63.2916051298 0
1 2386.83085022 873.013967806 882.94002076 0
1 6177.08502833 1841.12802322 1967.24807855 0
1 1163.4694913 3917.70986345 1797.99413896 0
1 209.357174222 864.010637523 753.32366942 0
1 168.861991153 432.180170549 1877.12723556 0
1 186.278294204 178.540496077 2836.86799816 0
1 932.511758335 4095.87200924 2169.67259843 0
1 3459.50834423 1770.96985484 1629.055408 0
1 996.691965573 3955.53144546 2502.97563054 0
1 189.403897923 1988.68376352 1241.22630539 0
1 156.654346082 3180.00373636 3918.75294726 0
1 147.945174255 3048.56818509 780.768378791 0
1 682.581381957 1583.83912312 2623.41660743 0
1 159.474137368 1785.30914147 820.476611924 0
1 2654.26155403 2652.78970401 2860.1131092 0
1 1027.29227544 1862.71476376 1448.45741283 0
1 2951.06606174 1589.26397736 2423.49422328 0
1 207.025455868 3221.33398876 1574.7669868 0
1 356.338727746 2625.82909514 3515.44846319 0
1 972.433566341 1625.12421701 85.5366502596 0
1 1814.92924218 2085.83810455 534.604114111 0
1 1390.03160171 1403.80275666 670.498899911 0
1 532.531345645 801.160217367 3501.81530286 0
1 397.296065992 1393.14960159 3324.01273843 0
1 294.135857491 3116.93059865 1577.37868722 0
1 3388.15824071 1695.40511413 2257.84957066 0
1 161.981440024 1209.62677569 3367.74442248 0
1 414.503641953 1869.86962381 921.821352411 0
1 369.459734278 1830.40379969 3118.01595547 0
1 179.404271796 1108.85156846 3609.47097427 0
1 412.254864362 3647.80188915 1967.96139361 0
1 278.406356627 1671.9809255 1211.97420063 0
1 301.594005693 1114.22268254 3034.19500441 0
1 961.295410612 2582.62741693 3576.30790099 0
1 271.369608569 3948.40615875 3274.44897413 0
1 1996.04252332 3374.17814052 427.180849338 0
1 6632.39835706 1119.53696688 1637.74421506 0
1 153.368229852 617.533630205 2112.49489647 0
1 2306.58132381 3656.82546477 2145.17399729 0
1 11591.6670468 2251.45321292 2704.28755246 0
1 261.669370168 3368.89639822 2511.7348937 0
1 211.292147454 2316.24709824 1859.73596007 0
1 111.145678628 1871.66128779 376.902698638 0
1 171.722836418 1031.36641301 1680.25001123 0
1 397.359638448 2650.88864333 1852.81808999 0
1 95.4193855759 3298.72256759 2603.34808309 0
1 3932.07187622 2174.01714853 1052.11456876 0
1 290.162688617 4095.81148233 889.828256111 0
1 169.606620899 2271.24954487 1995.97566808 0
1 178.688088031 1117.80397047 2662.20636134 0
1 201.276938031 919.876548315 2133.54170878 0
1 135.265803964 295.38146756 624.260316404 0
1 147.118996736 1229.40931628 3509.29107456 0
1 561.539298927 770.592304608 3598.53808523 0
1 150.451648616 1391.14881615 208.032771099 0
1 1730.42402898 2458.46672996 3971.1527776 0
1 125.617523286 1707.95352205 869.316324397 0
1 948.993321249 1340.88828469 2064.61171885 0
1 1937.43800038 3131.30819724 1578.90790748 0
1 920.246676665 1090.77458785 2243.80984195 0
1 1403.38402673 1704.48316252 3586.89149126 0
1 87.5212622435 3095.24044795 290.049015444 0
1 380.346150676 1717.08023125 2846.80095474 0
1 1880.85503995 43.5484905145 2498.44291912 0
1 259.169363447 3027.03806175 3257.71747009 0
1 146.274027163 3534.51993703 3337.71043377 0
1 192.458733807 1610.7579693 324.022106507 0
1 159.601767723 828.064909783 1283.63134631 0
1 273.221210218 3493.03021311 1168.18603102 0
1 152.176611014 2380.97964404 1620.61950185 0
1 710.722288669 2900.96461166 495.356284591 0
1 88.3655122774 2327.04349082 3376.46363117 0
1 184.535482288 3962.7899204 3406.29655452 0
1 220.223240391 3203.23609803 908.437867544 0
1 426.614912011 3422.74605428 68.381339131 0
1 839.697544489 1848.2774995 185.294590436 0
1 98.7944827826 3494.88252762 3047.20327265 0
1 1697.9921791 1096.19745035 1621.2795193 0
1 123.851313433 1112.42352074 3040.07934714 0
1 695.257138724 1607.15130098 539.833858598 0
1 128.591634728 3212.40309962 2976.92221358 0
1 1337.07779402 2861.45631424 1032.46608059 0
1 135.786223217 1438.00472275 176.036910747 0
1 145.92339043 2442.1410317 1206.70161534 0
1 4391.74429521 1524.39016207 816.937768829 0
1 1942.01575369 2343.1213951 140.313947275 0
1 114.695611292 2195.70062019 3720.18544248 0
1 192.605058041 4083.28358321 1951.036043 0
1 94.2811957462 955.906565195 2624.54704502 0
1 188.270876997 3721.57520927 1889.23239826 0
1 137.090564327 2823.66383434 1703.83505829 0
1 10685.9146021 1636.00287429 1819.78549298 0
1 598.413364966 1277.85686457 1366.3428812 0
1 763.781505664 3532.61571616 1883.10061215 0
1 6956.84788678 1767.44837081 3646.09291172 0
1 186.994978006 448.405257782 2133.66075973 0
1 403.687781419 2282.0497736 2452.34160239 0
1 5188.92466429 988.184642786 1401.07965905 0
1 8426.0363867 2604.15185692 2501.15393063 0
1 150.487761345 4074.31316943 2517.44065979 0
1 1478.52723662 2321.67448266 3615.77663685 0
1 94.7727348582 196.457305615 2337.6737587 0
1 2990.99611853 4007.70279294 1098.98391751 0
1 118.520004528 3244.62123957 866.56298917 0
1 411.365354871 2850.59694137 86.4795643334 0
1 117.007935925 1321.20915425 3729.18540426 0
1 379.13098829 2210.02629932 1101.90534108 0
1 642.805224089 1349.88387837 2030.63732014 0
1 98.7589231699 2364.88954907 3838.0114329 0
1 97.1524856232 2796.70748239 1688.19820847 0
1 217.857626702 2928.03255047 1729.02532867 0
1 352.93424363 936.007003504 1530.55349005 0
1 806.449888347 3052.20081889 3016.46056046 0
1 99.0318742971 2955.09033749 2748.03437304 0
1 3173.79007803 437.634197894 3435.54898981 0
1 102.256233963 2023.02890731 3774.26388295 0
1 2012.15539214 3095.29821671 1511.57220267 0
1 275.956090567 4009.38036659 424.574667065 0
1 638.448976592 2902.75352927 653.350609174 0
1 996.931200352 3626.21538385 2872.21872534 0
1 115.894669947 3678.39765243 1699.15431354 0
1 139.530297061 3645.94864507 1591.25824001 0
1 127.572108413 3187.22088249 3948.17427983 0
1 4607.68924022 2587.97250641 2831.23297462 0
1 93.8297303903 1394.79512533 449.936816443 0
1 262.50805333 945.093284146 3414.1592363 0
1 478.110444343 2328.87301924 2871.20552139 0
1 140.308246207 3244.68372211 2187.75938776 0
1 143.601450985 1337.23138897 837.870123475 0
1 135.130605771 3003.68825373 3784.62383321 0
1 393.500272717 3289.77877278 3732.61212908 0
1 451.18694279 3079.25528099 3965.16391124 0
1 144.125112752 396.269054402 3900.28373349 0
1 515.038554471 1031.3443589 1213.91470295 0
1 593.384009899 1385.82614211 1046.59069633 0
1 207.655770847 2618.47880224 670.632301649 0
1 252.204876935 1457.92413452 3592.2237483 0
1 199.353924659 3036.0521264 3233.82016038 0
1 101.238767434 2787.62944785 1500.92651143 0
1 136.876869772 1605.37196838 584.514995223 0
1 424.385296566 635.600242518 2878.42524872 0
1 2818.27918873 905.414989935 1117.66346398 0
1 527.570107068 1067.47826202 3901.59957181 0
1 186.241042271 218.075071697 2474.91960983 0
1 3421.66228737 1578.48689191 3217.47915074 0
1 273.866773739 4067.16313622 3907.12544653 0
1 622.810164773 2033.7615153 3942.26310754 0
1 183.065087849 4058.02595161 566.660484783 0
1 104.656311843 3064.8740843 3887.55266576 0
1 1688.10480401 2771.42793003 1362.27693839 0
1 387.56429628 3863.73431202 2340.26878336 0
1 107.97306101 2201.01450822 793.38466271 0
1 834.006971063 1929.3382086 2382.26013698 0
1 735.567096011 2112.80381988 367.737675967 0
1 282.331457215 2501.63282835 3538.44874018 0
1 217.770501078 3251.97338478 3370.05373538 0
1 87.6614083501 149.78678891 3626.30066311 0
1 95.8363223587 1650.4211464 2681.35830669 0
1 95.9552331079 1666.55327701 972.319547483 0
1 308.672782937 3728.69798561 303.692180908 0
1 113.645250736 2353.97738505 1775.75332958 0
1 4428.79032277 2667.17869856 3102.61073052 0
1 663.442216404 2573.52467251 1344.57470446 0
1 212.699795533 4058.04532587 976.330159812 0
1 1490.22405618 2591.48596898 1786.05876871 0
1 246.924287405 3817.00204063 3464.56715208 0
1 210.070200072 1830.27802359 458.474111454 0
1 103.321115106 178.49204596 1812.38789894 0
1 740.289822029 563.490391906 843.034824128 0
1 442.235152976 3502.05002881 2026.87980321 0
1 763.140198586 459.138114521 784.950054253 0
1 100.151271793 214.514279666 3280.2950777 0
1 252.507704447 613.93771682 1414.24265657 0
1 92.1153651873 1713.3562683 1723.88937182 0
1 219.002196821 698.489181779 1324.91446915 0
1 172.894530952 180.275093615 2226.75417598 0
1 272.664407081 1668.46457395 3337.53835857 0
1 132.301281966 1488.50796241 2310.05735614 0
1 109.447147436 3502.09421448 2961.18794681 0
1 159.403984182 3914.19445872 3563.08641164 0
1 1820.67348971 83.1588126314 3738.15792205 0
1 565.823256015 457.410927872 2693.24492381 0
1 338.959882921 2409.88199002 3213.17684542 0
1 499.816864792 2561.01263501 3121.66972192 0
1 1363.97943446 3241.20159668 3134.57400204 0
1 93.5299551492 3505.67060043 3246.53144722 0
1 744.893876747 3950.08032349 1005.98813222 0
1 788.743963765 2582.62121642 3445.19776955 0
1 967.583533695 3645.99831895 2641.6148653 0
1 828.52064983 765.146493835 2213.85614968 0
1 391.757004426 2908.28133981 3771.92174517 0
1 1748.79413015 2179.39824589 687.935627704 0
1 689.689682493 2789.44128944 1382.6646263 0
1 1100.67814129 3347.22908045 946.22356834 0
1 290.801749241 2708.57375603 4031.39349775 0
1 205.918767998 1599.99803623 719.710073306 0
1 480.603093926 1044.0844457 3878.44081078 0
1 98.7589231699 1376.77741126 337.469723847 0
1 98.3646764962 3052.21114599 3234.8274895 0
1 189.396321918 2782.29674699 2888.45187914 0
1 222.445418392 167.660495271 2215.68766891 0
1 149.163312224 1254.52621125 2298.2762603 0
1 1610.27743163 1799.68019574 683.625800522 0
1 511.548173047 1110.53419316 1519.89646459 0
1 98.4827849589 1945.5317755 1591.80206351 0
1 383.247793698 3320.21703063 133.344986426 0
1 1595.0841316 254.105528553 2975.22825899 0
1 122.080634009 3880.02775601 3661.71672767 0
1 781.364508283 39.9983033695 3908.55172217 0
1 474.680412078 971.961496854 424.610073301 0
1 173.025980741 1886.14463719 2614.53806394 0
1 454.629026907 1042.26767685 3131.53058289 0
1 2673.01348472 887.418154724 1446.68085734 0
1 5824.81058852 3743.21399535 3231.93207877 0
1 319.590906557 2861.47337203 1393.15390306 0
1 322.673753248 48.8893624744 903.203545065 0
1 130.822541645 1639.54605111 641.935606972 0
1 176.450742996 79.4900775648 2261.0726335 0
1 188.41401725 3154.72169977 1637.84033558 0
1 102.174461689 3647.89893831 4020.07068249 0
1 157.565581317 2048.1414097 2850.85999839 0
1 93.9762190011 2066.0733423 2290.95129469 0
1 102.333978239 1902.29739148 580.603143703 0
1 10494.0295581 3671.24946763 3127.92381143 0
1 109.622403039 2942.42550225 2055.19878188 0
1 193.454387451 4061.61136783 281.964628924 0
1 136.32500274 4045.5282022 3026.3703429 0
1 93.0783638987 381.778334703 1887.29548374 0
1 207.572725149 1670.10765784 411.871337652 0
1 211.757501881 2935.19814063 1048.7856332 0
1 365.286420996 1495.61159122 700.13418175 0
1 780.240153122 3280.70029511 2014.00072749 0
1 90.0064883863 3651.44063692 2810.96382444 0
1 2252.69320843 3059.34675347 2301.09501082 0
1 309.031051121 2442.22730188 3030.88873502 0
1 655.39739456 3104.32485904 1373.13797426 0
1 202.480130534 3422.76943512 562.770544602 0
1 689.827634225 1666.68108789 3674.88696442 0
1 262.50805333 653.422289576 375.473754863 0
1 91.7880175118 522.124446265 1671.3005695 0
1 213.372989974 1349.80707151 406.552404892 0
1 1360.70980894 2677.88525583 1578.2887473 0
1 101.888773346 3068.37673811 2613.82647257 0
1 1137.92506087 3543.50600236 2721.76612511 0
1 104.109347069 2924.47005044 2498.2852278 0
1 733.92126973 1864.51143755 1770.45636792 0
1 731.576475339 3165.55822914 2481.29246729 0
1 805.482728893 1472.26836776 2507.74863898 0
1 680.781743676 2784.04596782 1065.5783369 0
1 259.376781894 1330.03677414 143.396876705 0
1 93.0783638987 3248.30136989 1823.61647776 0
1 642.933797991 1747.61234499 2754.09101419 0
1 165.577897015 336.888509677 3159.9789512 0
1 200.225005347 916.235807332 2009.37765657 0
1 1292.27790881 1328.28955916 2008.68416857 0
1 143.142660797 3221.38704033 2696.54498344 0
1 534.986632666 1610.92673709 3892.62538614 0
1 376.094996187 2071.43730796 803.536777132 0
1 128.33470847 2181.18774049 858.130428422 0
1 108.271478284 2244.2844949 2937.89624803 0
1 263.444247437 1382.39826039 3901.37623185 0
1 124.000024218 3851.0887645 533.302984952 0
1 887.991135958 2577.17982266 3295.39116599 0
1 442.943295584 1137.63555398 3460.27538952 0
1 913.937109329 3874.44158853 70.1702020902 0
1 523.240790665 3086.35193827 2207.82731429 0
1 101.238767434 851.413714449 735.509110964 0
1 130.409794897 365.536214359 1270.59598637 0
1 528.499448036 2611.2973823 1016.15067475 0
1 87.8685335854 2397.31902084 3913.31891942 0
1 464.165774437 3115.22353529 3150.19645185 0
1 583.755225712 1196.84701057 244.7107459 0
1 102.215339648 2348.51293346 757.895445013 0
1 428.821934177 3518.27399051 2640.1063041 0
1 123.110430425 3563.23569344 2126.29964926 0
1 656.683233163 3377.94350788 3186.57576731 0
1 98.1288843364 451.911688399 939.795500294 0
1 172.128580902 1218.44746002 776.780560791 0
1 547.127443139 1373.30197044 2186.61571843 0
1 87.9388565377 119.100143296 2353.88889414 0
1 295.9651648 1445.34171107 3881.00463582 0
1 125.64767511 1787.14058796 1116.76099332 0
1 152.90881463 2359.50637317 3777.7469656 0
1 143.837150585 2339.59805975 1737.71265492 0
1 394.114612203 252.27664059 3113.53635459 0
1 3956.36819482 353.041457253 3032.59336407 0
1 222.614541168 2848.86674553 1931.14481205 0
1 1759.31843627 596.023193704 3483.75334291 0
1 152.481268792 79.5751435526 4059.79710756 0
1 507.147435395 3764.79714595 2256.73923535 0
1 573.181121945 705.678028188 755.93663747 0
1 1242.60065023 54.4024686518 4091.34258817 0
1 106.467711514 424.946673324 1882.45386715 0
1 956.960160403 1355.33460815 2758.34700826 0
1 670.05631488 182.150490395 3832.86224118 0
1 348.849905995 3188.84117698 540.624441214 0
1 294.206458569 966.635889231 1962.12212033 0
1 1487.84160416 486.26235153 3209.04726674 0
1 308.04373231 4058.10822882 2306.41599087 0
1 373.994750385 2958.55414222 1413.82764929 0
1 211.512005594 1832.08468236 991.606084959 0
2.448546 1384533.89394 122.281329699 3414.5384729 1
0.475836 121.768391776 1750.08477826 1003.88046776 1
0.659427 149.690219824 3458.09445179 3649.1662732 1
1.416304 71.3635030544 247.873855476 3237.08877258 1
1.166361 1317361.11347 2777.84308918 414.328582608 1
1.67994 17.6977642217 1375.09466863 2805.04305648 1
1.078993 30.6018828989 2477.46352746 434.8677129 1
2.096653 4.13189262402 1881.79864367 134.026609963 1
1.317486 8.37423364026 533.99797272 1232.06515429 1
1.176599 952152.264047 2152.26424984 3003.88535206 1
0.77615 74.1247673482 4059.29944945 3904.30044736 1
0.872606 1570105.90588 2225.49866325 1422.75230736 1
1.265034 506619.139048 3864.07205634 730.561705631 1
6.748208 92699.27115 1017.71771873 349.76861386 1
1.789285 512.937321236 3199.99655246 2418.70573444 1
1.904556 1979595.25213 1955.62682694 73.9042391879 1
0.840303 1372959.61497 2603.58263721 1499.25732089 1
0.605204 140.758364496 1790.96488951 2839.36736459 1
0.67729 754234.766952 3408.86850714 367.167367329 1
2.636611 1.98687884052 2388.76510052 3013.20110074 1
1.471909 869794.212093 3494.06287885 2837.85175872 1
0.634017 31.2080370126 360.960903064 1931.49120819 1
1.131943 23.4410391152 502.711545757 213.991939051 1
1.206505 18.9412840898 3400.04754283 2952.21093898 1
0.391991 1001992553.19 2394.64572608 2177.28839837 1
1.115442 21.9780793873 3093.0977199 2543.52019782 1
0.914799 1507008.82033 3155.89156999 881.806672582 1
1.132923 14.9964493243 2259.27123069 1741.43946717 1
1.375526 1805170.74552 4060.47588664 243.185856059 1
0.97966 26.5918744478 453.003222405 3854.23370013 1
0.483252 25.4562523737 3880.27672777 2457.86442937 1
2.271646 2.16228596447 2506.83892987 3659.39168593 1
1.113544 11.3750862949 1644.25029313 804.82444933 1
0.148101 15421158.7185 1616.30787225 3909.7383169 1
1.137608 4791062.9688 3070.45027636 1180.28847127 1
2.461231 569937.091172 1606.19781789 2066.4589473 1
1.685142 5531221.29759 1167.48524554 732.982409206 1
1.179605 9.82611446965 2971.21681417 2060.92045235 1
1.063749 36.5561405844 309.108724352 3615.9499067 1
2.40613 481730.995126 660.387741914 1931.68211286 1
0.897102 6.96794171363 2196.00253229 2113.78940927 1
0.696797 80999802.0529 1087.23628005 3905.1080939 1
0.802664 1556864.13595 3125.44038777 1544.34002966 1
1.938427 6.2610745862 2304.65640297 1811.07828635 1
2.666472 5.30946865835 3865.83838429 1932.86640354 1
0.321463 143.109096271 699.584167282 3170.85728144 1
0.635097 52.9188083411 1068.14776374 555.591980365 1
0.48717 30.8147964954 2257.3082079 1706.90748716 1
2.012048 589616.696941 197.22686593 2248.8873847 1
0.578977 133.739115156 3478.80970895 1824.97866456 1
2.787838 2.40122022894 2509.77100766 2496.56747444 1
1.76832 7.09106344511 2098.3464237 200.854216688 1
1.351395 752593.524144 1905.10460626 2104.43894961 1
1.19606 37.960858393 995.118389164 3.90903952328 1
2.614986 1.77364019891 3448.18517287 3387.84598308 1
1.334742 11.0449799695 2815.03718785 3831.8286347 1
0.905478 3.43221661156 2764.23199792 2542.41225019 1
1.324709 444158.493597 751.61620598 2626.09939997 1
1.001793 25.2434584822 345.180291203 3083.06897008 1
0.611331 1485837.6451 3851.54621013 313.208543871 1
5.358121 0.30930268956 884.21998794 2690.42770228 1
1.11799 3221997.66421 754.2903929 195.577342545 1
0.929106 46.6135628662 392.809909252 3811.04758881 1
1.220378 5.49629606817 3551.57128472 3182.41488672 1
1.136854 1902377.85734 3827.98313941 3179.52922113 1
0.984422 2442448.98797 2304.87007083 4046.14073029 1
2.392402 446072.525332 2454.74621036 2160.06595961 1
1.50489 11.8964954558 957.039280583 2604.84270957 1
1.872004 404793.216991 1604.36233346 923.807021558 1
1.244293 17.0489078251 2578.80456833 362.454245263 1
1.149743 23.8203381745 3599.57834086 1998.53569671 1
0.930721 1600055.78009 1243.09544419 1065.39861997 1
0.671787 4357.05549039 3193.41307249 3612.42710778 1
0.216585 9631266.78365 1981.21347466 3088.44694999 1
2.248169 481197.043292 1966.15411243 3890.69159249 1
0.394301 6369734.61696 1923.46382136 3730.57484261 1
1.068227 39.9840472413 607.852447555 2869.35652045 1
0.291469 4378.2359536 2561.27081464 2873.50339351 1
2.854517 120448.592003 2208.26816703 453.390692306 1
0.665962 272.280405912 670.978872359 2532.56431159 1
0.373106 49.8989560908 1096.85206176 3287.31030577 1
0.715528 36.9295529591 990.355208174 3921.6475947 1
0.821246 27.6940644464 597.946480173 3819.5363138 1
2.03107 5.41156929347 834.22777929 2610.85586037 1
0.980593 8.79784943415 465.508204221 3830.40828758 1
2.658462 2.33507584384 1951.74081613 1231.86987641 1
1.371659 9.4887396947 3906.00346894 1966.31779744 1
1.997089 408156.024756 319.984119485 1476.29564536 1
0.78966 800652.26911 3252.72980601 1861.96329796 1
0.960325 115.397422105 485.451674935 1286.95044325 1
2.093134 9.46873627385 2575.68292649 2082.84741908 1
0.495301 22.1662753762 266.09503338 2324.91380681 1
1.43979 8.75769614654 1106.01851998 397.902635207 1
0.427501 6806881.25442 3891.10984822 1707.26496961 1
0.489987 3181297.86217 3907.31362827 3035.22703456 1
1.609389 11.4216172882 2829.79094436 752.953556459 1
1.257272 989748.575528 256.64389596 3380.18323653 1
2.908858 159315.023182 2678.28575026 1675.92853667 1
4.47713 1.39502259462 4070.44576041 2546.7722789 1
2.001326 877798.796617 3716.1171847 246.289056402 1
1.98928 14.9913237445 3914.54605129 1865.70865543 1
0.891126 23.135875435 3583.10301568 2158.09599842 1
1.654208 7.81096290942 3975.23430029 2862.02546324 1
2.373811 17.9917621336 559.449775273 2536.77771693 1
1.415435 15.8926681374 2829.89512917 3716.931471 1
8.179023 0.00651695507998 1962.35938557 2032.4583935 1
0.841437 5601328.8761 1065.33467106 3473.37730526 1
2.193141 701896.964171 3970.81130669 1416.79099298 1
1.64679 395536.307286 2698.39153394 1803.60118836 1
0.82022 4574383.46498 4036.26193182 2283.27518826 1
4.046383 2.46916501336 1415.04699965 1764.24073109 1
1.192101 11.4479930498 2266.96561214 1208.23529113 1
1.702319 954355.222485 487.935711696 543.081235905 1
1.345957 1485215.78942 475.960083066 1867.30104429 1
1.207656 23.0372322977 3165.63289282 1016.11965005 1
0.222867 242.209307914 710.957727257 3194.08830423 1
1.950434 3146803.54397 3389.3266039 1128.49193413 1
1.484865 383681.098455 3714.26017569 2453.42361542 1
1.407951 6260412.60621 3416.63641525 3671.6427561 1
2.056318 31.5048555931 450.706634807 2093.35234787 1
0.587304 4979227.62748 3425.46713657 3195.37410871 1
0.371722 1849585.03887 2064.46019266 142.191956795 1
1.725637 601766.8927 145.78875152 2034.96638073 1
0.957926 11.4961259644 629.254385994 2628.33363166 1
1.24397 764730.860681 3072.72472756 951.124606984 1
1.026054 18.4579351798 3941.09117285 1176.2011811 1
1.898317 7.60720214132 343.866593468 1178.35513771 1
0.403173 8266576.00987 2700.56458092 1713.19524913 1
1.292447 432715.864907 1947.62525001 3623.75712658 1
1.004113 2156908.44837 1053.87177312 800.105693354 1
1.369281 14.5648844635 1998.36872079 944.671731258 1
0.463466 84.8873941145 93.9727374424 679.203182873 1
1.076946 1485673.29547 840.898002498 1348.862204 1
1.237056 16.6115209069 2202.5861766 2826.00554574 1
0.678158 291.479323794 2407.19077637 337.26555551 1
0.739655 1079919.189 1537.06491372 2099.94889989 1
1.188274 1420032.49009 2424.10067324 3659.35764112 1
0.992829 1451955.51021 2840.66551869 3542.34564323 1
1.011349 892154.602886 3732.34737607 2132.71981873 1
2.392438 12.9737345916 3393.03199146 717.148654908 1
1.122179 36.7867129882 1323.26659757 2335.8118027 1
1.250298 771427.072223 2735.38690694 638.544820677 1
3.179315 9.41082807718 3911.04055558 2698.85010237 1
1.63306 327838.558731 3441.50977136 3779.35905968 1
1.262829 26.536583412 292.772860786 2539.01534081 1
1.306652 91.6271817998 537.579235449 3903.48348679 1
0.803353 29.8182468359 1179.17669619 248.670017816 1
1.544432 1383609.76041 3762.87662456 1218.43917176 1
0.900813 2826017.34928 2204.13962158 287.874595239 1
2.306453 7.01467821862 3075.34631317 1974.25503553 1
0.247111 4097879.1145 393.597099994 2192.59502647 1
1.160419 1632956.82968 932.95429862 523.204513505 1
0.702964 38992614.6547 3437.51561231 748.06268013 1
0.795185 69.1786595845 2697.6017741 2606.74523558 1
1.227267 1281688.50477 3207.06125691 3029.6651055 1
1.769972 1929352.37254 3212.05314042 3186.86758348 1
2.467049 3.23819589156 3175.94715444 1469.98431822 1
0.867229 109.069850171 1272.1312144 2815.77037901 1
0.728461 2423722.48656 1800.14052775 2046.53414214 1
0.731997 5881380.74659 1509.24714095 230.703446395 1
0.292349 54.5870918592 396.090470582 2407.07501978 1
0.349048 12727561.999 72.2504099737 2516.41905225 1
0.605413 54.6863210373 105.385286645 2287.84829105 1
1.92966 304558.125085 1535.6395271 877.508009885 1
0.983068 15.3316342477 1979.76372731 970.404736263 1
1.93877 2890986.31402 776.61399545 1940.53282378 1
0.520047 2651756.12141 187.398431102 3697.01935316 1
1.648611 8.47635016781 1988.7527785 37.1040892766 1
0.196594 165.537572072 2727.67466466 3838.02090028 1
0.862232 2912849.31575 80.1056860028 3102.38362394 1
0.303523 231.253614262 838.330356921 1466.29634598 1
0.25257 14162462.2367 549.866826663 3848.83298253 1
0.826663 1466347.08104 2085.24451946 919.962825266 1
1.227251 615156.87778 379.035402736 2103.21518434 1
2.512235 828003.311386 1108.88357162 481.254493403 1
1.2798 12.9653716968 3260.57899239 3460.63936927 1
2.481663 209483.160615 1464.68606836 2366.99347144 1
0.847126 2412944.80468 1703.26227284 4025.10095233 1
1.558329 412979.952091 3399.23405156 590.105202927 1
1.241418 1232423.69921 1823.53570569 2098.48458727 1
2.893194 1.71032953083 196.179124653 1401.9260364 1
1.543518 1599870.28592 3818.25806642 344.88017886 1
2.376081 3.51086827048 2506.16575158 459.28598534 1
0.6131 26.0468033958 860.53900245 2682.94242104 1
0.958937 160.952438944 216.894720486 2248.34707832 1
1.411026 23.6354928574 1982.4386266 3120.85556064 1
1.755929 340003.214008 3832.08742222 3592.99570348 1
1.93581 1600863.06268 683.022380944 1121.6995272 1
0.788108 341.094783862 3082.67230373 880.764695083 1
0.667818 2373152.61661 3811.71274631 3486.97080561 1
0.90551 107674269.838 2613.77859064 592.966844204 1
1.061675 33742377.9375 3835.80032646 2960.10041475 1
2.440662 4.46243400386 2703.73429126 628.720402478 1
0.784829 57.4196214409 3569.63070158 1893.73467042 1
1.207863 21.1713789637 1599.5550411 2386.83856853 1
0.790367 7.6535254191 172.04262158 1274.81131833 1
1.534985 4.84408096241 2493.97236517 4027.87156075 1
0.627156 129.750250519 3841.00403312 1127.94147318 1
2.388053 6.94250119637 292.497603789 2426.0799663 1
1.104255 21.3291173424 366.641258918 665.790645761 1
2.930849 227009.929875 2547.80131427 1146.66847035 1
1.977407 991045.293254 1645.72007163 1443.96381274 1
1.804273 1068461.84076 772.326816684 2606.1246823 1
4.143915 158.267262159 3879.21726605 221.596353528 1
4.502227 1.43743761498 1520.00238998 2399.41880545 1
4.025225 5.78662109984 1359.49973323 4077.83380417 1
0.707663 387.62285119 3591.3242228 2871.84165462 1
1.611798 23.4570060484 1352.25646928 1593.68746817 1
5.066906 85094.2433802 423.575014569 3318.06125424 1
4.600272 261937.752627 3111.31535721 1175.98675291 1
3.805419 15.9856475647 1301.09559316 773.611532857 1
0.361103 310.371752783 2870.66920249 266.301154686 1
2.28164 806783.362025 3302.26098893 1324.94324039 1
3.412343 2.1409550694 130.905970572 2385.61345358 1
2.040588 21.8583747435 3034.19331195 456.376410609 1
3.576327 5.53658322631 1065.32559594 2520.49852457 1
2.715563 137.993665237 1549.89217697 2041.91536007 1
0.898886 59.4844586841 2318.98296484 352.941101918 1
0.711895 6785538.0675 728.220649696 2946.64136821 1
1.764168 297.118637305 2935.32915976 1916.72894285 1
1.318355 1264418.67874 1216.97404326 3485.14234179 1
10.425808 2.39657363679 1150.10511547 3448.47050592 1
2.686036 389561.704335 1436.96729407 2210.58329898 1
3.169233 229089.016736 3518.00729599 425.270019499 1
1.141422 18.8608981823 943.081099657 3101.08570835 1
0.260776 8093030.99921 364.814398045 3510.40908019 1
0.989081 1242757.0241 1884.50216204 4031.10695627 1
1.215806 1878737.93388 2338.40390769 3121.78292325 1
1.614912 4762262.10574 1253.15397102 2580.11089052 1
5.127887 265954.893816 3323.89231584 2509.91847648 1
2.391096 11.3615330255 3594.19856124 2771.07069262 1
1.650717 2302360.63686 3608.31878427 3798.75353594 1
1.082094 10496424.4534 2659.49783372 2019.16184265 1
2.113187 39.8978409475 3193.74808478 3466.92112626 1
1.349348 75.8699419856 3407.34025593 1916.05204033 1
2.833417 15.7207207978 2151.31623797 1982.75230727 1
2.260161 9.81178043983 3862.9331842 1000.57374508 1
1.915648 14262764.2448 22.6590794713 640.138142735 1
5.235399 1.37122718826 3208.744892 2102.93273317 1
3.789456 4.39189083777 2634.24915129 1585.00183434 1
2.02684 1231551.10449 3601.90973496 2592.93996065 1
0.783627 16558615.1261 3969.67542817 3272.07316025 1
0.542114 948.291681872 2112.84930931 1329.61385709 1
1.025641 2821272.78859 3266.13919514 2698.23544297 1
1.620228 3070378.4317 3331.35136941 3849.55937385 1
2.519828 13.6967662351 1694.59592338 3030.61839158 1
0.790984 3890433.3301 3116.21710869 3993.25292926 1
1.542775 499401.845106 1673.7639198 103.242392699 1
1.748291 69.1792890307 887.76065122 1839.92127002 1
0.932544 2336449.40324 1490.36351046 1213.50802785 1
1.8054 312087.954795 3734.16639318 3688.15452119 1
1.577767 364179.584737 2331.19302238 1322.28484017 1
1.334922 1179976.76168 3123.23503103 3615.00201412 1
1.099764 29.2338143253 326.580291881 931.448857867 1
2.62345 28.4791732302 276.050746749 1285.13789025 1
5.526273 5.10931789271 3194.144547 1576.83702819 1
1.556168 2268097.5947 674.405046416 2685.61002698 1
2.340598 1499773.16003 3098.64205628 1445.62117262 1
2.481238 659324.665618 1835.6798292 2815.12731447 1
1.247125 1887205.08016 1463.54332628 2174.68304316 1
3.048405 7.70694905786 3352.97969119 1166.06593626 1
1.354258 43986143.3194 2287.38249923 2967.80259688 1
4.391744 566756.360552 3580.81628054 1747.02278209 1
3.636204 8.53758016908 1154.06921445 897.743136957 1
2.294375 6.89732936976 2199.48215655 3777.53478941 1
2.65282 936799.026199 3061.77584037 3439.24822196 1
1.925952 135569.44075 174.13584154 1398.9214225 1
0.614479 45.262597635 2894.73389535 1918.92526297 1
2.520486 11.2494547706 3452.13692114 2478.42455752 1
6.174941 56384.023679 106.295176244 600.421647543 1
2.102305 26.0246452511 2636.9341134 1665.27658553 1
2.146111 1604631.62363 22.6295876635 3821.45728595 1
2.515811 1343923.34203 1662.72656315 2242.6447306 1
0.284249 103.45940108 218.849666533 590.125974827 1
1.189391 1233032.29541 4065.76731017 2929.25191766 1
2.236689 408494.366927 3303.34063678 3988.04803289 1
1.764473 856603.581993 2883.56857535 2113.52132049 1
3.005126 616158.330572 3505.49136859 4022.5753074 1
2.072669 1058984.96527 2631.16283702 3291.41304573 1
1.663361 2409881.55277 429.012414639 2622.43604319 1
25.289322 0.0833108617846 724.439831494 1002.01512172 1
0.409829 22.5399851776 2650.94455274 2274.04042741 1
2.202008 18.395687253 3115.27521845 1579.59208684 1
1.786483 31.6050452473 579.742443622 1669.73366734 1
4.112948 224977.899292 1112.06598094 1567.76260344 1
0.885026 901349.1892 1411.12787598 3363.5109075 1
0.903921 2805391.97027 2932.51721929 292.967998341 1
0.742884 142.823546982 678.26946643 1451.59835457 1
1.634627 8.59916629661 1811.93521862 1842.77871531 1
1.89863 1628207.53255 2834.88115003 3750.16775416 1
1.759633 1389241.94453 3611.5902424 1441.30835774 1
4.895302 248723.691459 3017.28289057 1308.61065818 1
4.01476 1.31660634328 3786.59324981 1979.52878932 1
4.379532 2.29467416535 289.288612687 2299.46861079 1
1.859765 34.1462940718 3692.71480103 3466.40554336 1
3.637553 3.90638851122 2165.83230973 3009.84131279 1
1.141245 52.9640645457 3203.00945307 2964.88391146 1
6.523224 1.21221503405 997.160787419 2858.31655561 1
0.877704 3625299.04649 4051.67367266 3985.69111867 1
1.257659 4999663.40521 1366.21642225 2276.39195504 1
1.761214 119.723399672 1313.98927379 3641.94677107 1
6.510869 371845.957268 740.859280081 41.434179368 1
1.368627 58.1925829874 3911.72472554 1565.46544073 1
1.265937 8502513.19625 1276.12595485 2434.92828336 1
1.696459 50.0714334928 5.21543614358 2773.62034117 1
2.710742 13.670871394 1579.89747279 2604.88205343 1
1.556099 1593663.00591 3508.43017443 1099.553492 1
1.3987 23.9792433301 335.534514571 403.175228119 1
2.724926 1323434.87451 2516.68463013 2576.33827176 1
0.945536 203.99693056 3692.36311735 595.94662364 1
3.620245 580517.690392 3250.04953399 1119.87569746 1
1.900627 2446005.22278 988.876372201 1188.52503474 1
1.339964 411.8464281 4090.71686238 3126.16845582 1
0.964979 101506301.482 217.877591725 4006.58322548 1
1.231583 48.0348841005 2059.62126284 3599.69544302 1
2.470679 22.4991099476 3226.56474438 1456.03715644 1
0.686581 220.994736303 2418.29958477 2752.65365999 1
5.855438 473915.567405 683.948843222 2448.15038783 1
0.598294 156.933640886 1647.96962278 1449.27222662 1
0.335284 190.162310973 3181.1450751 4081.38994613 1
2.547418 1226248.05738 823.228222794 2505.60451864 1
2.235593 14.8952088956 2847.26734233 2736.50223901 1
2.300233 19.3533010423 2945.33568154 1190.31451718 1
2.919779 5.39132552722 1487.08904666 2746.4133572 1
3.963066 1952712.20046 1096.18050123 2784.85944398 1
1.431072 18.2702951191 136.638973662 330.678843659 1
0.697359 1442745.10933 3136.78098028 2772.93490909 1
1.645285 88.9402487495 2898.04526629 2307.90083766 1
1.717432 21.7792442555 3147.66201216 3035.42483853 1
1.303598 18987212.9431 1724.32937057 889.272175534 1
9.823936 62382.5020501 1667.400561 1005.03407865 1
1.49375 38.4915311008 20.8655330451 1145.25229325 1
1.332063 1928944.74651 1820.77001278 2213.61539917 1
3.724188 271895.708573 421.096466903 1514.55021895 1
2.760079 7.40309642331 1373.52324168 2299.4971098 1
3.948711 19.7478746647 3982.02098352 4062.5845473 1
1.567049 45.4259329669 1597.45065894 3548.67304643 1
1.699016 1375097.95162 2395.72478312 1022.97577205 1
2.075714 46.1132121325 508.558929207 1719.11307881 1
1.265941 47.4126418692 2315.92512462 3422.42261829 1
0.799837 583349.68504 1026.62935622 3106.44619568 1
2.463692 563698.745101 1630.23627441 120.374467889 1
2.433096 8.77044216708 1937.45198546 3107.34252133 1
1.616646 629.205703868 2226.35440658 2775.81748267 1
1.702589 11.601197072 699.263476893 2858.215589 1
2.016117 808925.768219 1689.72513966 2770.62959842 1
1.80495 19.9745367133 3324.64635835 1712.51477213 1
4.150237 266556.37585 3346.03279564 382.73434854 1
2.593066 4.6179750983 2993.06465589 1355.73961539 1
2.242655 10246321.5127 1974.02885552 2224.84055356 1
3.8072 4.00476881312 2426.24389767 2557.85973536 1
1.544611 16.5879220488 1180.523424 568.851508426 1
4.311634 2.12483140212 327.881323664 4090.31045619 1
2.656944 1154967.35908 3913.26338586 3280.62201746 1
3.341177 162.634766017 2972.59172637 694.107195436 1
1.379437 10164008.6169 2684.8497419 2733.57290389 1
1.950789 791170.876788 2131.42373373 3701.43636905 1
0.684774 147.292495014 860.508664764 3182.92801137 1
1.814787 1276111.16012 2808.80362466 4053.72269181 1
1.372178 1735198.24276 2729.46939633 2216.49120301 1
1.502622 18.1108603025 3723.25573788 2418.78340901 1
1.617331 10766095.7595 2284.45206501 2643.41035969 1
1.193589 2806217.63027 88.6788631747 1746.24111576 1
4.40093 417947.456339 2458.85668118 1182.40823895 1
1.611299 53.2509588519 2763.04046457 3220.87031978 1
1.350795 727012.320306 4076.14514927 1683.52547567 1
4.076769 80642.415803 409.837102386 3905.98776698 1
1.525218 2360077.20667 3764.79425321 2956.55710767 1
0.319481 32159417.2585 549.199084545 1524.66028689 1
1.876764 9.945707411 889.428631581 2104.13891706 1
0.713225 145.707966105 1149.69679073 1282.79602529 1
1.588665 1609304.73663 2761.58163019 149.697398132 1
0.62819 63384795.9926 2496.80646717 32.3595141774 1
1.046435 40626620.0654 2964.88081865 497.370200102 1
1.370272 853456.273807 1211.7035303 2382.70888056 1
1.382995 29.5992703525 1515.29170334 1339.27311712 1
4.674384 506355.946026 1364.02360505 807.27832933 1
2.471891 1244685.927 4001.95959869 1796.94846008 1
0.733726 7211140.72741 552.734833527 3614.18068951 1
3.627455 341120.701427 415.471570635 3572.45396876 1
0.747684 45.3934362246 3678.00467929 1760.55258917 1
1.788179 1947512.26401 3405.81204253 3846.22858515 1
1.017647 34.0369000289 2553.86361418 1488.82150406 1
2.565989 308631.611919 1638.45921783 2012.31182802 1
4.558926 718155.590017 2064.84115219 3631.69007931 1
2.187469 5134764.56965 956.137006378 4072.80474066 1
1.905976 116.321934307 1651.80321735 1465.9173289 1
5.088853 527953.358946 975.252718485 1529.00501454 1
0.809974 1869693.72714 1371.8914834 3942.67455073 1
1.495952 1392247.01878 3741.79164915 3595.75103072 1
0.237552 69.0197323656 3762.200376 1758.3372494 1
4.786571 3.90903457668 39.0096623313 3930.77532659 1
1.736689 1101936.08409 1492.45785032 4024.74601133 1
1.47649 11239851.8356 1434.56105236 1175.00046199 1
1.834326 13.5394549558 3041.43788137 2968.12677373 1
1.513498 25.9446846618 1248.81870346 1848.37034041 1
1.435203 1130485.71804 1078.56645795 3217.68884441 1
2.238443 356532.5221 1648.79491354 3299.89369392 1
4.621372 1.98413643779 1451.76377099 3839.95834019 1
2.841273 5.85997937343 3156.70528023 1726.57266047 1
1.773398 8.21535892171 351.760254862 3717.45758549 1
1.340466 5493910.12908 3865.67946054 1616.35582474 1
4.687434 180391.71075 2974.28621906 3040.89933378 1
2.993309 9.72505906874 1952.55523281 3994.03606334 1
1.860567 33.8514960774 3589.3990895 3257.99216839 1
2.818622 7.23648217327 922.914530632 166.133881944 1
1.071849 3795377.57168 952.324666494 1461.65100743 1
1.333845 15.0294180793 1667.40900734 1183.63249404 1
2.444186 12.8941842689 3076.16276444 974.517769523 1
0.907553 3464405.59882 585.680842783 3577.41653343 1
2.147752 956545.983691 1678.07214567 1404.66240346 1
3.410676 1.41939745957 1288.47131158 177.300061775 1
1.296742 1697673.51307 2719.32498866 3832.22677011 1
0.99656 15.8930063144 274.903109756 228.339151441 1
4.246733 1.50095981376 487.318582588 1572.07804621 1
2.381626 12.0976435439 3620.61602592 2045.69957976 1
0.478091 191.852720761 1051.83866552 44.6119497196 1
6.392954 27331.6736962 645.796576348 1980.17844878 1
2.018363 16.1417208751 291.909011485 3677.99639027 1
